*,AppUser,,,
id,account,email,role,data_status
1,umbalaconmeogia@gmail.com,umbalaconmeogia@gmail.com,1,1
